0, 0.153779, 0.560532
1, 0.865013, 0.276724
2, 0.895919, 0.704462
3, 0.886472, 0.929641
4, 0.469290, 0.350208
5, 0.941637, 0.096535
6, 0.457211, 0.346164
7, 0.970019, 0.114938
8, 0.769819, 0.341565
9, 0.684224, 0.748597
10, 0.677271, 0.897664
11, 0.043649, 0.616689
12, 0.692878, 0.196489
13, 0.391896, 0.599936
14, 0.119059, 0.032083
15, 0.219804, 0.245299
16, 0.746451, 0.608188
17, 0.823423, 0.263857
18, 0.641049, 0.103739
19, 0.533867, 0.703889
20, 0.255029, 0.266040
21, 0.335584, 0.151857
22, 0.268588, 0.163472
23, 0.470713, 0.270997
24, 0.641141, 0.649478
25, 0.773176, 0.777443
26, 0.490684, 0.926498
27, 0.650720, 0.651738
28, 0.765629, 0.920810
29, 0.056433, 0.465309
30, 0.452289, 0.629196
31, 0.903294, 0.664211
32, 0.397669, 0.614451
33, 0.073289, 0.776425
34, 0.374908, 0.070709
35, 0.414215, 0.708180
36, 0.381744, 0.974739
37, 0.444582, 0.097995
38, 0.008398, 0.151426
39, 0.020455, 0.781730
40, 0.536538, 0.586770
41, 0.845530, 0.824713
42, 0.954342, 0.622451
43, 0.541200, 0.945788
44, 0.857221, 0.319488
45, 0.632183, 0.101525
46, 0.327370, 0.111358
47, 0.598156, 0.208077
48, 0.151064, 0.931727
49, 0.539462, 0.730398
50, 0.791737, 0.721237
51, 0.832770, 0.371998
52, 0.165481, 0.240573
53, 0.305375, 0.444984
54, 0.848012, 0.536076
55, 0.829265, 0.458385
56, 0.073748, 0.484929
57, 0.203961, 0.976752
58, 0.275151, 0.470997
59, 0.042726, 0.099034
60, 0.458815, 0.299960
61, 0.429326, 0.687629
62, 0.981959, 0.789730
63, 0.991080, 0.089591
64, 0.753954, 0.699066
65, 0.205869, 0.033506
66, 0.134621, 0.581470
67, 0.772534, 0.974103
68, 0.753300, 0.718662
69, 0.557566, 0.010861
70, 0.540883, 0.614614
71, 0.815156, 0.330510
72, 0.876669, 0.181977
73, 0.489868, 0.212641
74, 0.851455, 0.403053
75, 0.109514, 0.603081
76, 0.975720, 0.924967
77, 0.926916, 0.671216
78, 0.125374, 0.163403
79, 0.307300, 0.784176
80, 0.643180, 0.931417
81, 0.325033, 0.837518
82, 0.167350, 0.649741
83, 0.202103, 0.748678
84, 0.031304, 0.118853
85, 0.564837, 0.217363
86, 0.219855, 0.106357
87, 0.533903, 0.305736
88, 0.510937, 0.315317
89, 0.530728, 0.952414
90, 0.230017, 0.894459
91, 0.167440, 0.164606
92, 0.524838, 0.959237
93, 0.892189, 0.012559
94, 0.085984, 0.126233
95, 0.595587, 0.039374
96, 0.756148, 0.584353
97, 0.224498, 0.136745
98, 0.273870, 0.933032
99, 0.469739, 0.898091
100, 0.220665, 0.714550
101, 0.441490, 0.126967
102, 0.931620, 0.742574
103, 0.443467, 0.343393
104, 0.402848, 0.671664
105, 0.656572, 0.003866
106, 0.974768, 0.926374
107, 0.564233, 0.072033
108, 0.653547, 0.171590
109, 0.909240, 0.603112
110, 0.498741, 0.332273
111, 0.519387, 0.342232
112, 0.894316, 0.767907
113, 0.204912, 0.955475
114, 0.663390, 0.588267
115, 0.001868, 0.394831
116, 0.919500, 0.034744
117, 0.936250, 0.553198
118, 0.602343, 0.573241
119, 0.465946, 0.150412
120, 0.972556, 0.753178
121, 0.664992, 0.515806
122, 0.151896, 0.911665
123, 0.360448, 0.048827
124, 0.635037, 0.059504
125, 0.087900, 0.335202
126, 0.733499, 0.917759
127, 0.772372, 0.249423
128, 0.056198, 0.526188
129, 0.641988, 0.892061
130, 0.870795, 0.454880
131, 0.173761, 0.400485
132, 0.957184, 0.385218
133, 0.354680, 0.106080
134, 0.882324, 0.215967
135, 0.754506, 0.985359
136, 0.921474, 0.216898
137, 0.403504, 0.686582
138, 0.386520, 0.245982
139, 0.215589, 0.396747
140, 0.131623, 0.182384
141, 0.323580, 0.405425
142, 0.972609, 0.645494
143, 0.814369, 0.101011
144, 0.688037, 0.835472
145, 0.773118, 0.793700
146, 0.716866, 0.359919
147, 0.163738, 0.941065
148, 0.471744, 0.600730
149, 0.476981, 0.624281
150, 0.294041, 0.952064
151, 0.342991, 0.644066
152, 0.821664, 0.700772
153, 0.877788, 0.983444
154, 0.743694, 0.257072
155, 0.612328, 0.391135
156, 0.798891, 0.966639
157, 0.298941, 0.304526
158, 0.168771, 0.532518
159, 0.022570, 0.326571
160, 0.683578, 0.899661
161, 0.600734, 0.533222
162, 0.854827, 0.073887
163, 0.811912, 0.808359
164, 0.084779, 0.884276
165, 0.022628, 0.301760
166, 0.686594, 0.589622
167, 0.783122, 0.929305
168, 0.826321, 0.974201
169, 0.392228, 0.178415
170, 0.623692, 0.393637
171, 0.860836, 0.076782
172, 0.475282, 0.069734
173, 0.016312, 0.156009
174, 0.043417, 0.714532
175, 0.135550, 0.183291
176, 0.563970, 0.650267
177, 0.039389, 0.009840
178, 0.381756, 0.171017
179, 0.280771, 0.923871
180, 0.495057, 0.420973
181, 0.297889, 0.613660
182, 0.784772, 0.661332
183, 0.008667, 0.673315
184, 0.397537, 0.402367
185, 0.575160, 0.710133
186, 0.208370, 0.074891
187, 0.694995, 0.782630
188, 0.663845, 0.242112
189, 0.171009, 0.153303
190, 0.567915, 0.951174
191, 0.386275, 0.117893
192, 0.425392, 0.569108
193, 0.991688, 0.308106
194, 0.330118, 0.299201
195, 0.667915, 0.642568
196, 0.634169, 0.478720
197, 0.847842, 0.684977
198, 0.402271, 0.973141
199, 0.582589, 0.576943
200, 0.686137, 0.905333
201, 0.931985, 0.866129
202, 0.028892, 0.593217
203, 0.190969, 0.610163
204, 0.016894, 0.934752
205, 0.379728, 0.096007
206, 0.588033, 0.068515
207, 0.527879, 0.063487
208, 0.027392, 0.376373
209, 0.702211, 0.060259
210, 0.780432, 0.716190
211, 0.998849, 0.648958
212, 0.031153, 0.594239
213, 0.368213, 0.563740
214, 0.777600, 0.116447
215, 0.117496, 0.747527
216, 0.688299, 0.239315
217, 0.165742, 0.619262
218, 0.935548, 0.755040
219, 0.965170, 0.617296
220, 0.895873, 0.933220
221, 0.626677, 0.558770
222, 0.250689, 0.335564
223, 0.827580, 0.131874
224, 0.412552, 0.761147
225, 0.593282, 0.286214
226, 0.402850, 0.692498
227, 0.810164, 0.425234
228, 0.901419, 0.152760
229, 0.433587, 0.304801
230, 0.791424, 0.458622
231, 0.061729, 0.485642
232, 0.185123, 0.362025
233, 0.550346, 0.657105
234, 0.956231, 0.367567
235, 0.697484, 0.607937
236, 0.597426, 0.935931
237, 0.190828, 0.250654
238, 0.741449, 0.531006
239, 0.620656, 0.363737
240, 0.334620, 0.963529
241, 0.035308, 0.424463
242, 0.943738, 0.403047
243, 0.015527, 0.965783
244, 0.911406, 0.995533
245, 0.925162, 0.190347
246, 0.166578, 0.677018
247, 0.636762, 0.057188
248, 0.166732, 0.260205
249, 0.262192, 0.661043
250, 0.146575, 0.480120
251, 0.369150, 0.301160
252, 0.592754, 0.410423
253, 0.975770, 0.763860
254, 0.199351, 0.494491
255, 0.915715, 0.418046
256, 0.104564, 0.402499
257, 0.794452, 0.354566
258, 0.187164, 0.658200
259, 0.369439, 0.163260
260, 0.917486, 0.194415
261, 0.535627, 0.279034
262, 0.718021, 0.774136
263, 0.905610, 0.592987
264, 0.327395, 0.534131
265, 0.137934, 0.251977
266, 0.972540, 0.485125
267, 0.495748, 0.033521
268, 0.384877, 0.633784
269, 0.008316, 0.770722
270, 0.518484, 0.157604
271, 0.856214, 0.389048
272, 0.722756, 0.354654
273, 0.677586, 0.188423
274, 0.824577, 0.659783
275, 0.979110, 0.906023
276, 0.524160, 0.560255
277, 0.208363, 0.950468
278, 0.507239, 0.169218
279, 0.044048, 0.308571
280, 0.157865, 0.237995
281, 0.976646, 0.496914
282, 0.638615, 0.201865
283, 0.743909, 0.882035
284, 0.364275, 0.375032
285, 0.156445, 0.366293
286, 0.282150, 0.100552
287, 0.976277, 0.286698
288, 0.535261, 0.134309
289, 0.322878, 0.611916
290, 0.468883, 0.519110
291, 0.682474, 0.347558
292, 0.403914, 0.585566
293, 0.604457, 0.115523
294, 0.600130, 0.380362
295, 0.749167, 0.246800
296, 0.965823, 0.583652
297, 0.433846, 0.644311
298, 0.943429, 0.208436
299, 0.176327, 0.534072
300, 0.142044, 0.331511
301, 0.706502, 0.173138
302, 0.930322, 0.914979
303, 0.051553, 0.456292
304, 0.899266, 0.969099
305, 0.646127, 0.463091
306, 0.177852, 0.157127
307, 0.836620, 0.064453
308, 0.260761, 0.609624
309, 0.949849, 0.118744
310, 0.723832, 0.451920
311, 0.424310, 0.377174
312, 0.163879, 0.317377
313, 0.158820, 0.289103
314, 0.957887, 0.207809
315, 0.652827, 0.061841
316, 0.358109, 0.732474
317, 0.690965, 0.053058
318, 0.751423, 0.160519
319, 0.839041, 0.759859
320, 0.952330, 0.807473
321, 0.191472, 0.077262
322, 0.540677, 0.153465
323, 0.280652, 0.921612
324, 0.525027, 0.133370
325, 0.541388, 0.107477
326, 0.361338, 0.001943
327, 0.653827, 0.877327
328, 0.240504, 0.148372
329, 0.687612, 0.690811
330, 0.452473, 0.717489
331, 0.846033, 0.279955
332, 0.198376, 0.099101
333, 0.587174, 0.629028
334, 0.071048, 0.111749
335, 0.165646, 0.011460
336, 0.601579, 0.731281
337, 0.633969, 0.112646
338, 0.234389, 0.369532
339, 0.732432, 0.980934
340, 0.550305, 0.969777
341, 0.044600, 0.596961
342, 0.125598, 0.923613
343, 0.163764, 0.383646
344, 0.933663, 0.081701
345, 0.141942, 0.611557
346, 0.436028, 0.325111
347, 0.142730, 0.855816
348, 0.704929, 0.743254
349, 0.873628, 0.073767
350, 0.796544, 0.512534
351, 0.158261, 0.888804
352, 0.131322, 0.121689
353, 0.227473, 0.136382
354, 0.165655, 0.161671
355, 0.206346, 0.064230
356, 0.505951, 0.514233
357, 0.718052, 0.296851
358, 0.182943, 0.716851
359, 0.111056, 0.525150
360, 0.203029, 0.314849
361, 0.668115, 0.012774
362, 0.699575, 0.753774
363, 0.684951, 0.978286
364, 0.045006, 0.419865
365, 0.664696, 0.553817
366, 0.010373, 0.336946
367, 0.048957, 0.825402
368, 0.540272, 0.349423
369, 0.747623, 0.300234
370, 0.025236, 0.149112
371, 0.117733, 0.741300
372, 0.026975, 0.368415
373, 0.952112, 0.142212
374, 0.151454, 0.481561
375, 0.593594, 0.535305
376, 0.876593, 0.892857
377, 0.243094, 0.681995
378, 0.294975, 0.647543
379, 0.247138, 0.649121
380, 0.773881, 0.617480
381, 0.986561, 0.126522
382, 0.457649, 0.706418
383, 0.762114, 0.850959
384, 0.075835, 0.560619
385, 0.318292, 0.528604
386, 0.248197, 0.447458
387, 0.434787, 0.460950
388, 0.184074, 0.739483
389, 0.491237, 0.220382
390, 0.957980, 0.772293
391, 0.925139, 0.810142
392, 0.060830, 0.370465
393, 0.413353, 0.224795
394, 0.129460, 0.832749
395, 0.014247, 0.441647
396, 0.765690, 0.949195
397, 0.121795, 0.004646
398, 0.079624, 0.244192
399, 0.140378, 0.326782
400, 0.221465, 0.162178
401, 0.719816, 0.949407
402, 0.686197, 0.917189
403, 0.189538, 0.567025
404, 0.987148, 0.003807
405, 0.986251, 0.914505
406, 0.078408, 0.808470
407, 0.954859, 0.312601
408, 0.891945, 0.916183
409, 0.286905, 0.011359
410, 0.905988, 0.937942
411, 0.985310, 0.102914
412, 0.679636, 0.642855
413, 0.469284, 0.261159
414, 0.304684, 0.819179
415, 0.936010, 0.520536
416, 0.652397, 0.841295
417, 0.647070, 0.307059
418, 0.748454, 0.261960
419, 0.757790, 0.173956
420, 0.682176, 0.330206
421, 0.764078, 0.858797
422, 0.801934, 0.096661
423, 0.588081, 0.876666
424, 0.119883, 0.869057
425, 0.240014, 0.921308
426, 0.427791, 0.887330
427, 0.351096, 0.863056
428, 0.387283, 0.073479
429, 0.965733, 0.075878
430, 0.284347, 0.012175
431, 0.619563, 0.001846
432, 0.032204, 0.247624
433, 0.817745, 0.841037
434, 0.316020, 0.347403
435, 0.807994, 0.948154
436, 0.630744, 0.911916
437, 0.567920, 0.026808
438, 0.567459, 0.287727
439, 0.820267, 0.231690
440, 0.013265, 0.947277
441, 0.878742, 0.019667
442, 0.540061, 0.806644
443, 0.273989, 0.927825
444, 0.952718, 0.338218
445, 0.424940, 0.960789
446, 0.977861, 0.905792
447, 0.649520, 0.489790
448, 0.903477, 0.736405
449, 0.767177, 0.950046
450, 0.430675, 0.358868
451, 0.489745, 0.152537
452, 0.685633, 0.436513
453, 0.469888, 0.414246
454, 0.224940, 0.558820
455, 0.082953, 0.195493
456, 0.653147, 0.445553
457, 0.413346, 0.099980
458, 0.364815, 0.439071
459, 0.461943, 0.869745
460, 0.804586, 0.681656
461, 0.587290, 0.585565
462, 0.597320, 0.153061
463, 0.488076, 0.091442
464, 0.865446, 0.556022
465, 0.061133, 0.459030
466, 0.915524, 0.204390
467, 0.189534, 0.500704
468, 0.335932, 0.004307
469, 0.385033, 0.244935
470, 0.618263, 0.152392
471, 0.255248, 0.954858
472, 0.304345, 0.119578
473, 0.752568, 0.411016
474, 0.941923, 0.904046
475, 0.305872, 0.783034
476, 0.445206, 0.578631
477, 0.048164, 0.485012
478, 0.592719, 0.831107
479, 0.417154, 0.102306
480, 0.457936, 0.530811
481, 0.337784, 0.128510
482, 0.859356, 0.203242
483, 0.891602, 0.147288
484, 0.467887, 0.772316
485, 0.307246, 0.879573
486, 0.979476, 0.045856
487, 0.708185, 0.469149
488, 0.988757, 0.044821
489, 0.302669, 0.952906
490, 0.487619, 0.414729
491, 0.342888, 0.918798
492, 0.237032, 0.796732
493, 0.666756, 0.175327
494, 0.723782, 0.600740
495, 0.637547, 0.253543
496, 0.292831, 0.618171
497, 0.595633, 0.810733
498, 0.989010, 0.289303
499, 0.322850, 0.142897
500, 0.672315, 0.603362
501, 0.697369, 0.672554
502, 0.617796, 0.295805
503, 0.599705, 0.240514
504, 0.324262, 0.867862
505, 0.164822, 0.155538
506, 0.128383, 0.734787
507, 0.560659, 0.004023
508, 0.606526, 0.875317
509, 0.454717, 0.434594
510, 0.226938, 0.139258
511, 0.508246, 0.083724
512, 0.142538, 0.643006
513, 0.995981, 0.446835
514, 0.949322, 0.262369
515, 0.642005, 0.180087
516, 0.724474, 0.241948
517, 0.415916, 0.300357
518, 0.093159, 0.721184
519, 0.933990, 0.572407
520, 0.450280, 0.859423
521, 0.315831, 0.172026
522, 0.244286, 0.711991
523, 0.430019, 0.326215
524, 0.695169, 0.708761
525, 0.143614, 0.715579
526, 0.740983, 0.700794
527, 0.247459, 0.039329
528, 0.005482, 0.137403
529, 0.340020, 0.709342
530, 0.904294, 0.462675
531, 0.185374, 0.588773
532, 0.505899, 0.645436
533, 0.839728, 0.305640
534, 0.890448, 0.758593
535, 0.670741, 0.149349
536, 0.109675, 0.300134
537, 0.344430, 0.830654
538, 0.807528, 0.121668
539, 0.869534, 0.255641
540, 0.556244, 0.797888
541, 0.096743, 0.965843
542, 0.920428, 0.636407
543, 0.096931, 0.117256
544, 0.715429, 0.209074
545, 0.910952, 0.369675
546, 0.135151, 0.476507
547, 0.651034, 0.936228
548, 0.184788, 0.724041
549, 0.963910, 0.428286
550, 0.198245, 0.906778
551, 0.221959, 0.466175
552, 0.996094, 0.353205
553, 0.318372, 0.873566
554, 0.017089, 0.222078
555, 0.459958, 0.510699
556, 0.320245, 0.356779
557, 0.392831, 0.307725
558, 0.932148, 0.604309
559, 0.628679, 0.204872
560, 0.278024, 0.752448
561, 0.391578, 0.246449
562, 0.062760, 0.812331
563, 0.852764, 0.406358
564, 0.656309, 0.585270
565, 0.633414, 0.784780
566, 0.790052, 0.410669
567, 0.114049, 0.816257
568, 0.825120, 0.796897
569, 0.452936, 0.496368
570, 0.462878, 0.589055
571, 0.241299, 0.504916
572, 0.129159, 0.778511
573, 0.436815, 0.546995
574, 0.345094, 0.998343
575, 0.155101, 0.779673
576, 0.960930, 0.342489
577, 0.206951, 0.219147
578, 0.206049, 0.065520
579, 0.189126, 0.639342
580, 0.420142, 0.329549
581, 0.731676, 0.273430
582, 0.537528, 0.231446
583, 0.915699, 0.154454
584, 0.911859, 0.615247
585, 0.458009, 0.754010
586, 0.641768, 0.195526
587, 0.205775, 0.460312
588, 0.460751, 0.844445
589, 0.592216, 0.366177
590, 0.329338, 0.186268
591, 0.603099, 0.281731
592, 0.052484, 0.095013
593, 0.891374, 0.324357
594, 0.467588, 0.751794
595, 0.394605, 0.132649
596, 0.423648, 0.256263
597, 0.017666, 0.912383
598, 0.419263, 0.552033
599, 0.026237, 0.972221
600, 0.117934, 0.116782
601, 0.748850, 0.921457
602, 0.919410, 0.520639
603, 0.372680, 0.636356
604, 0.230521, 0.357957
605, 0.183840, 0.804870
606, 0.446701, 0.711912
607, 0.107957, 0.436891
608, 0.821723, 0.693876
609, 0.970801, 0.253988
610, 0.776234, 0.157362
611, 0.781399, 0.976575
612, 0.300544, 0.246168
613, 0.349893, 0.650143
614, 0.951055, 0.387216
615, 0.946819, 0.180365
616, 0.400511, 0.387305
617, 0.438979, 0.911977
618, 0.600030, 0.704157
619, 0.774929, 0.232524
620, 0.032468, 0.693346
621, 0.069073, 0.910678
622, 0.771558, 0.580012
623, 0.260032, 0.360127
624, 0.659973, 0.159473
625, 0.259302, 0.080914
626, 0.921114, 0.166794
627, 0.300220, 0.792707
628, 0.029888, 0.328005
629, 0.787230, 0.979584
630, 0.872030, 0.209519
631, 0.392609, 0.575940
632, 0.820930, 0.363370
633, 0.155475, 0.065194
634, 0.720881, 0.844455
635, 0.759551, 0.775625
636, 0.926732, 0.584738
637, 0.699402, 0.848094
638, 0.913423, 0.901525
639, 0.927827, 0.993165
640, 0.125507, 0.393245
641, 0.264671, 0.318944
642, 0.486867, 0.776097
643, 0.862647, 0.507302
644, 0.229292, 0.705914
645, 0.293857, 0.859584
646, 0.027535, 0.779475
647, 0.643136, 0.185650
648, 0.220739, 0.961972
649, 0.854929, 0.792456
650, 0.800197, 0.914244
651, 0.691298, 0.643637
652, 0.613476, 0.687901
653, 0.553177, 0.249491
654, 0.192063, 0.999995
655, 0.909214, 0.161658
656, 0.978263, 0.658470
657, 0.900046, 0.073439
658, 0.282452, 0.169284
659, 0.161692, 0.562407
660, 0.375901, 0.770084
661, 0.801985, 0.963518
662, 0.845033, 0.477757
663, 0.667145, 0.701040
664, 0.378451, 0.630045
665, 0.162696, 0.436537
666, 0.870943, 0.936661
667, 0.464070, 0.626180
668, 0.207267, 0.540037
669, 0.407461, 0.189104
670, 0.278366, 0.502740
671, 0.545273, 0.411641
672, 0.450139, 0.482977
673, 0.392613, 0.638363
674, 0.966328, 0.071420
675, 0.348927, 0.416680
676, 0.139351, 0.072314
677, 0.384533, 0.843758
678, 0.037270, 0.397309
679, 0.564386, 0.627694
680, 0.660577, 0.311526
681, 0.816569, 0.080652
682, 0.526240, 0.516475
683, 0.398357, 0.187076
684, 0.186021, 0.453800
685, 0.024129, 0.534421
686, 0.013222, 0.217883
687, 0.951501, 0.870454
688, 0.723716, 0.498419
689, 0.934700, 0.510728
690, 0.797700, 0.951083
691, 0.851117, 0.717673
692, 0.930233, 0.428431
693, 0.632536, 0.025789
694, 0.434559, 0.627258
695, 0.319317, 0.761643
696, 0.934665, 0.918506
697, 0.333272, 0.296352
698, 0.795634, 0.220818
699, 0.288604, 0.562322
700, 0.939410, 0.666759
701, 0.223123, 0.025054
702, 0.082443, 0.613903
703, 0.863062, 0.476582
704, 0.919642, 0.422459
705, 0.273883, 0.158525
706, 0.336491, 0.398634
707, 0.848266, 0.804194
708, 0.093567, 0.576449
709, 0.381843, 0.630619
710, 0.815184, 0.805249
711, 0.827360, 0.445216
712, 0.748220, 0.340495
713, 0.696738, 0.082428
714, 0.364375, 0.043762
715, 0.512095, 0.777486
716, 0.204629, 0.198146
717, 0.235027, 0.092723
718, 0.391327, 0.034665
719, 0.607458, 0.541376
720, 0.908319, 0.119243
721, 0.113309, 0.383920
722, 0.549437, 0.386089
723, 0.004023, 0.617162
724, 0.635171, 0.322350
725, 0.740124, 0.257613
726, 0.704792, 0.441879
727, 0.660874, 0.306354
728, 0.890651, 0.175304
729, 0.333684, 0.231228
730, 0.245868, 0.296367
731, 0.042650, 0.816487
732, 0.703783, 0.477785
733, 0.138957, 0.456598
734, 0.045300, 0.353248
735, 0.035604, 0.391084
736, 0.955631, 0.296118
737, 0.847896, 0.587412
738, 0.630009, 0.556027
739, 0.153351, 0.368788
740, 0.213035, 0.478895
741, 0.785893, 0.496797
742, 0.662645, 0.067266
743, 0.534583, 0.731328
744, 0.423242, 0.435504
745, 0.519921, 0.318037
746, 0.242790, 0.576956
747, 0.905761, 0.118744
748, 0.728536, 0.506131
749, 0.543109, 0.025903
750, 0.356989, 0.911848
751, 0.432634, 0.286798
752, 0.215027, 0.958240
753, 0.137575, 0.231080
754, 0.768282, 0.510312
755, 0.821408, 0.402875
756, 0.112202, 0.787129
757, 0.271847, 0.932044
758, 0.861400, 0.557873
759, 0.166435, 0.269595
760, 0.086978, 0.837660
761, 0.551552, 0.926908
762, 0.540641, 0.548917
763, 0.644207, 0.188499
764, 0.095587, 0.528116
765, 0.039040, 0.146097
766, 0.456283, 0.751074
767, 0.301080, 0.259352
768, 0.922843, 0.230212
769, 0.164934, 0.046812
770, 0.761039, 0.783316
771, 0.199639, 0.338012
772, 0.969738, 0.395004
773, 0.829007, 0.128250
774, 0.504013, 0.950292
775, 0.552221, 0.183473
776, 0.631336, 0.860961
777, 0.166501, 0.380094
778, 0.246813, 0.188037
779, 0.336070, 0.335759
780, 0.097507, 0.803601
781, 0.116613, 0.914116
782, 0.539978, 0.404895
783, 0.066906, 0.480988
784, 0.962190, 0.529394
785, 0.520913, 0.987757
786, 0.233881, 0.843728
787, 0.543700, 0.966699
788, 0.314741, 0.857125
789, 0.694749, 0.650440
790, 0.947848, 0.477283
791, 0.698406, 0.108993
792, 0.839840, 0.193572
793, 0.356468, 0.163650
794, 0.466115, 0.991728
795, 0.977315, 0.731769
796, 0.843486, 0.464745
797, 0.970737, 0.177314
798, 0.122719, 0.533188
799, 0.282751, 0.187724
800, 0.085281, 0.318316
801, 0.930793, 0.843592
802, 0.249361, 0.006416
803, 0.836513, 0.277701
804, 0.315266, 0.670172
805, 0.583381, 0.891210
806, 0.560553, 0.213083
807, 0.288314, 0.687018
808, 0.710429, 0.176588
809, 0.920493, 0.731551
810, 0.179626, 0.969990
811, 0.628389, 0.328605
812, 0.869895, 0.322822
813, 0.674982, 0.422576
814, 0.227963, 0.381931
815, 0.117731, 0.704923
816, 0.639336, 0.314878
817, 0.146299, 0.840092
818, 0.429156, 0.818185
819, 0.230390, 0.165611
820, 0.424012, 0.375201
821, 0.995797, 0.355067
822, 0.603805, 0.157863
823, 0.200639, 0.146784
824, 0.992711, 0.501535
825, 0.303841, 0.651713
826, 0.338082, 0.142982
827, 0.093287, 0.867252
828, 0.910877, 0.107806
829, 0.902955, 0.963593
830, 0.114314, 0.276238
831, 0.738298, 0.579435
832, 0.569015, 0.430883
833, 0.858554, 0.716318
834, 0.162041, 0.430525
835, 0.830997, 0.573402
836, 0.167100, 0.444923
837, 0.815432, 0.966460
838, 0.285476, 0.994579
839, 0.895513, 0.885722
840, 0.325476, 0.281468
841, 0.624551, 0.829078
842, 0.312630, 0.380569
843, 0.214910, 0.993986
844, 0.915045, 0.162921
845, 0.216822, 0.121834
846, 0.663782, 0.192142
847, 0.324428, 0.654488
848, 0.983517, 0.964138
849, 0.259755, 0.706271
850, 0.292707, 0.521893
851, 0.462155, 0.436394
852, 0.468474, 0.650297
853, 0.542711, 0.336533
854, 0.115632, 0.419651
855, 0.074577, 0.408103
856, 0.981370, 0.889780
857, 0.529044, 0.648491
858, 0.186877, 0.847636
859, 0.221041, 0.040315
860, 0.568748, 0.951500
861, 0.863199, 0.788187
862, 0.052286, 0.766028
863, 0.635498, 0.822535
864, 0.340724, 0.543524
865, 0.009905, 0.469919
866, 0.922005, 0.133559
867, 0.720913, 0.386212
868, 0.068322, 0.287238
869, 0.606164, 0.798447
870, 0.492198, 0.370517
871, 0.286854, 0.157330
872, 0.239470, 0.773973
873, 0.165614, 0.476433
874, 0.415306, 0.040245
875, 0.393650, 0.078762
876, 0.746493, 0.305479
877, 0.182657, 0.920038
878, 0.074552, 0.000756
879, 0.702573, 0.143970
880, 0.706978, 0.179318
881, 0.799147, 0.269451
882, 0.670258, 0.020984
883, 0.672900, 0.435371
884, 0.279866, 0.703852
885, 0.643077, 0.194847
886, 0.799836, 0.839392
887, 0.665528, 0.525734
888, 0.005126, 0.159920
889, 0.775872, 0.077251
890, 0.362235, 0.091895
891, 0.479306, 0.698604
892, 0.432014, 0.863921
893, 0.924138, 0.991932
894, 0.403285, 0.003915
895, 0.806461, 0.184044
896, 0.230613, 0.904252
897, 0.762333, 0.526402
898, 0.246516, 0.198844
899, 0.969196, 0.276939
900, 0.518158, 0.681259
901, 0.919717, 0.676948
902, 0.465945, 0.135620
903, 0.366137, 0.659119
904, 0.816242, 0.585727
905, 0.319034, 0.997341
906, 0.306133, 0.178620
907, 0.065463, 0.240578
908, 0.390957, 0.810697
909, 0.392210, 0.875269
910, 0.639006, 0.777087
911, 0.506626, 0.870608
912, 0.310159, 0.843569
913, 0.870369, 0.289025
914, 0.648786, 0.145062
915, 0.061794, 0.571574
916, 0.447841, 0.867295
917, 0.632100, 0.709597
918, 0.200211, 0.949201
919, 0.213543, 0.022136
920, 0.040816, 0.999689
921, 0.770702, 0.185323
922, 0.725501, 0.493253
923, 0.111582, 0.354226
924, 0.481052, 0.035318
925, 0.596291, 0.855877
926, 0.717896, 0.679174
927, 0.870480, 0.160342
928, 0.860082, 0.400020
929, 0.142937, 0.349108
930, 0.465129, 0.423211
931, 0.901362, 0.197418
932, 0.010402, 0.829937
933, 0.745770, 0.160253
934, 0.370732, 0.890475
935, 0.205729, 0.687654
936, 0.392617, 0.709012
937, 0.357941, 0.920663
938, 0.583668, 0.706532
939, 0.683926, 0.744065
940, 0.496332, 0.852413
941, 0.510042, 0.270562
942, 0.335976, 0.751874
943, 0.743018, 0.909706
944, 0.420215, 0.546143
945, 0.017767, 0.609555
946, 0.783235, 0.832967
947, 0.683295, 0.145956
948, 0.074367, 0.882942
949, 0.599297, 0.384951
950, 0.877973, 0.096648
951, 0.371212, 0.964556
952, 0.296405, 0.673901
953, 0.259866, 0.562255
954, 0.821476, 0.546025
955, 0.047690, 0.522910
956, 0.544716, 0.045809
957, 0.915992, 0.082695
958, 0.862439, 0.019817
959, 0.070131, 0.685106
960, 0.584521, 0.049222
961, 0.281393, 0.369178
962, 0.773246, 0.952134
963, 0.523458, 0.751727
964, 0.283621, 0.817470
965, 0.225741, 0.035436
966, 0.577246, 0.780047
967, 0.247813, 0.990015
968, 0.184243, 0.576871
969, 0.464026, 0.885101
970, 0.894108, 0.272079
971, 0.826469, 0.459394
972, 0.033013, 0.848030
973, 0.845233, 0.834972
974, 0.379822, 0.671259
975, 0.856341, 0.529740
976, 0.333182, 0.789197
977, 0.037620, 0.281502
978, 0.198099, 0.444344
979, 0.093062, 0.096836
980, 0.529137, 0.198996
981, 0.532700, 0.084832
982, 0.774627, 0.156020
983, 0.230029, 0.101552
984, 0.788852, 0.237036
985, 0.865979, 0.513106
986, 0.771218, 0.860149
987, 0.525257, 0.988428
988, 0.504307, 0.887846
989, 0.032770, 0.758377
990, 0.037115, 0.785070
991, 0.670686, 0.216884
992, 0.171444, 0.459626
993, 0.933112, 0.810920
994, 0.134232, 0.037913
995, 0.211707, 0.164664
996, 0.505850, 0.826367
997, 0.752510, 0.430646
998, 0.860892, 0.003362
999, 0.497096, 0.695039
1000, 0.522731, 0.534781
1001, 0.059405, 0.420735
1002, 0.287109, 0.443370
1003, 0.725307, 0.228225
1004, 0.782511, 0.659097
1005, 0.443065, 0.600913
1006, 0.546061, 0.641750
1007, 0.898719, 0.766697
1008, 0.884073, 0.613148
1009, 0.179734, 0.784033
1010, 0.246151, 0.063816
1011, 0.549373, 0.309713
1012, 0.348944, 0.705989
1013, 0.565228, 0.778654
1014, 0.845310, 0.117456
1015, 0.082552, 0.448592
1016, 0.477509, 0.498633
1017, 0.518168, 0.849322
1018, 0.562179, 0.545637
1019, 0.518878, 0.779276
1020, 0.295704, 0.895208
1021, 0.757172, 0.796746
1022, 0.914281, 0.320953
1023, 0.253307, 0.328462
1024, 0.466965, 0.275729
1025, 0.172908, 0.072571
1026, 0.703061, 0.342953
1027, 0.009215, 0.870903
1028, 0.263852, 0.555037
1029, 0.503447, 0.431376
1030, 0.138939, 0.143089
1031, 0.904582, 0.315251
1032, 0.428619, 0.801088
1033, 0.888545, 0.782881
1034, 0.885068, 0.331987
1035, 0.701983, 0.229807
1036, 0.372319, 0.558953
1037, 0.323431, 0.912718
1038, 0.055548, 0.594769
1039, 0.288701, 0.203128
1040, 0.968232, 0.078163
1041, 0.681931, 0.209145
1042, 0.094816, 0.564737
1043, 0.529818, 0.647362
1044, 0.219969, 0.016507
1045, 0.435704, 0.874303
1046, 0.414035, 0.683883
1047, 0.023499, 0.943715
1048, 0.026004, 0.051046
1049, 0.923781, 0.982650
1050, 0.401104, 0.347401
1051, 0.768917, 0.179978
1052, 0.893370, 0.871807
1053, 0.461103, 0.763591
1054, 0.673690, 0.716195
1055, 0.093313, 0.310061
1056, 0.187392, 0.501331
1057, 0.868769, 0.401119
1058, 0.606117, 0.013579
1059, 0.225114, 0.490781
1060, 0.558374, 0.594926
1061, 0.917469, 0.904636
1062, 0.217483, 0.236374
1063, 0.738236, 0.534404
1064, 0.722777, 0.719027
1065, 0.682389, 0.905408
1066, 0.198769, 0.704056
1067, 0.061948, 0.162220
1068, 0.428783, 0.563022
1069, 0.705519, 0.656689
1070, 0.975274, 0.422837
1071, 0.617797, 0.321914
1072, 0.409766, 0.939869
1073, 0.381102, 0.179366
1074, 0.612667, 0.096378
1075, 0.821079, 0.867597
1076, 0.696160, 0.366953
1077, 0.379543, 0.975712
1078, 0.787278, 0.782609
1079, 0.306783, 0.093603
1080, 0.189395, 0.158335
1081, 0.128243, 0.376216
1082, 0.069749, 0.272915
1083, 0.885469, 0.075116
1084, 0.476407, 0.974963
1085, 0.198133, 0.015802
1086, 0.587739, 0.130647
1087, 0.785819, 0.264371
1088, 0.275608, 0.141574
1089, 0.439659, 0.341685
1090, 0.701212, 0.272744
1091, 0.014091, 0.833713
1092, 0.217774, 0.121312
1093, 0.890235, 0.174726
1094, 0.623719, 0.848999
1095, 0.123964, 0.461243
1096, 0.115908, 0.065908
1097, 0.718650, 0.352914
1098, 0.429239, 0.217313
1099, 0.372314, 0.484665
1100, 0.766746, 0.707000
1101, 0.548496, 0.568152
1102, 0.928105, 0.655631
1103, 0.184340, 0.196679
1104, 0.576962, 0.007425
1105, 0.794612, 0.041671
1106, 0.371345, 0.189523
1107, 0.305734, 0.466553
1108, 0.364520, 0.492946
1109, 0.947516, 0.907014
1110, 0.176913, 0.377421
1111, 0.322796, 0.234921
1112, 0.315824, 0.051907
1113, 0.402313, 0.681506
1114, 0.067794, 0.414655
1115, 0.109577, 0.667991
1116, 0.927939, 0.874343
1117, 0.074416, 0.710909
1118, 0.244980, 0.383197
1119, 0.392730, 0.608229
1120, 0.501452, 0.908595
1121, 0.752532, 0.799268
1122, 0.290713, 0.014037
1123, 0.918310, 0.031921
1124, 0.500407, 0.336204
1125, 0.587570, 0.281450
1126, 0.322508, 0.391220
1127, 0.236431, 0.696027
1128, 0.128917, 0.702108
1129, 0.322172, 0.736903
1130, 0.130631, 0.518901
1131, 0.168106, 0.356094
1132, 0.878825, 0.413027
1133, 0.738635, 0.244576
1134, 0.591576, 0.610170
1135, 0.132497, 0.879421
1136, 0.425943, 0.817106
1137, 0.092897, 0.314656
1138, 0.423905, 0.574220
1139, 0.914603, 0.725139
1140, 0.411398, 0.359491
1141, 0.969559, 0.380834
1142, 0.680660, 0.850513
1143, 0.578706, 0.304147
1144, 0.800791, 0.890430
1145, 0.462928, 0.436181
1146, 0.891487, 0.224991
1147, 0.419439, 0.504289
1148, 0.579143, 0.656254
1149, 0.662048, 0.041311
1150, 0.314157, 0.044540
1151, 0.589042, 0.031552
1152, 0.292194, 0.906524
1153, 0.954976, 0.274852
1154, 0.440801, 0.549380
1155, 0.423931, 0.011424
1156, 0.010062, 0.105253
1157, 0.983717, 0.335675
1158, 0.686585, 0.434230
1159, 0.100338, 0.385633
1160, 0.327951, 0.880702
1161, 0.957584, 0.107560
1162, 0.764739, 0.963499
1163, 0.533387, 0.643033
1164, 0.463215, 0.252787
1165, 0.587057, 0.675245
1166, 0.846079, 0.043511
1167, 0.288062, 0.465545
1168, 0.411344, 0.466244
1169, 0.167185, 0.878596
1170, 0.565153, 0.527406
1171, 0.109892, 0.960965
1172, 0.934060, 0.753743
1173, 0.158636, 0.193571
1174, 0.342694, 0.657143
1175, 0.600748, 0.767496
1176, 0.306977, 0.363601
1177, 0.044961, 0.662843
1178, 0.409063, 0.117818
1179, 0.159062, 0.360373
1180, 0.783741, 0.340810
1181, 0.992803, 0.045975
1182, 0.707877, 0.294784
1183, 0.437815, 0.364078
1184, 0.061198, 0.557727
1185, 0.716374, 0.101941
1186, 0.329654, 0.496561
1187, 0.702345, 0.315710
1188, 0.129446, 0.591572
1189, 0.545767, 0.708039
1190, 0.003224, 0.194007
1191, 0.675509, 0.277752
1192, 0.184509, 0.046150
1193, 0.644096, 0.326762
1194, 0.886543, 0.134072
1195, 0.345658, 0.475662
1196, 0.445039, 0.777769
1197, 0.962232, 0.230331
1198, 0.176757, 0.756018
1199, 0.398347, 0.010278
1200, 0.747387, 0.329572
1201, 0.117649, 0.322528
1202, 0.725203, 0.480002
1203, 0.397547, 0.564646
1204, 0.011197, 0.186489
1205, 0.318855, 0.003559
1206, 0.813724, 0.252747
1207, 0.923749, 0.453087
1208, 0.028207, 0.068880
1209, 0.666390, 0.017626
1210, 0.238986, 0.644895
1211, 0.758901, 0.851586
1212, 0.613580, 0.431624
1213, 0.303913, 0.870881
1214, 0.900106, 0.073257
1215, 0.234887, 0.749195
1216, 0.716045, 0.576986
1217, 0.411955, 0.719805
1218, 0.769565, 0.079364
1219, 0.862490, 0.868157
1220, 0.108676, 0.524006
1221, 0.965571, 0.353922
1222, 0.362395, 0.770352
1223, 0.314231, 0.286045
1224, 0.559913, 0.459417
1225, 0.421271, 0.306162
1226, 0.669662, 0.009367
1227, 0.429703, 0.017534
1228, 0.692707, 0.329479
1229, 0.548579, 0.969072
1230, 0.192182, 0.008304
1231, 0.557954, 0.532175
1232, 0.271315, 0.993728
1233, 0.578931, 0.098316
1234, 0.399718, 0.061393
1235, 0.836334, 0.263508
1236, 0.772305, 0.125619
1237, 0.282123, 0.646763
1238, 0.152245, 0.778907
1239, 0.083312, 0.224349
1240, 0.631336, 0.870978
1241, 0.534870, 0.554907
1242, 0.318982, 0.130101
1243, 0.603829, 0.552868
1244, 0.044345, 0.303000
1245, 0.523520, 0.796775
1246, 0.392934, 0.040538
1247, 0.319207, 0.911881
1248, 0.978438, 0.600605
1249, 0.374592, 0.759790
1250, 0.791945, 0.225776
1251, 0.612772, 0.856802
1252, 0.273455, 0.950745
1253, 0.163585, 0.365500
1254, 0.964119, 0.956460
1255, 0.222367, 0.319656
1256, 0.453331, 0.133403
1257, 0.111046, 0.348462
1258, 0.605924, 0.769095
1259, 0.182737, 0.259623
1260, 0.476984, 0.674519
1261, 0.635103, 0.182627
1262, 0.418187, 0.476963
1263, 0.320681, 0.680164
1264, 0.510406, 0.387073
1265, 0.537393, 0.956908
1266, 0.746020, 0.357691
1267, 0.717269, 0.136874
1268, 0.444482, 0.412422
1269, 0.583428, 0.677580
1270, 0.082892, 0.169041
1271, 0.077619, 0.540731
1272, 0.072593, 0.078492
1273, 0.210650, 0.396520
1274, 0.317731, 0.108230
1275, 0.027205, 0.233687
1276, 0.571844, 0.987527
1277, 0.361308, 0.499240
1278, 0.718619, 0.836272
1279, 0.225230, 0.443179
1280, 0.501156, 0.921022
1281, 0.613979, 0.150750
1282, 0.651941, 0.174513
1283, 0.045965, 0.532989
1284, 0.951370, 0.681286
1285, 0.368230, 0.844511
1286, 0.695749, 0.457380
1287, 0.190978, 0.772169
1288, 0.849108, 0.964922
1289, 0.437459, 0.377821
1290, 0.043190, 0.892070
1291, 0.027518, 0.499088
1292, 0.170338, 0.869377
1293, 0.621113, 0.042924
1294, 0.423120, 0.372035
1295, 0.792851, 0.441208
1296, 0.383608, 0.298209
1297, 0.002530, 0.523411
1298, 0.972745, 0.932954
1299, 0.152936, 0.402161
1300, 0.113995, 0.912554
1301, 0.288261, 0.805949
1302, 0.580853, 0.396232
1303, 0.464592, 0.394265
1304, 0.411307, 0.828231
1305, 0.075158, 0.177125
1306, 0.947749, 0.809445
1307, 0.338064, 0.836806
1308, 0.203477, 0.831443
1309, 0.059066, 0.720712
1310, 0.000627, 0.531163
1311, 0.247725, 0.521546
1312, 0.617516, 0.594662
1313, 0.481123, 0.235578
1314, 0.363018, 0.243694
1315, 0.760778, 0.395470
1316, 0.670255, 0.969729
1317, 0.231926, 0.976116
1318, 0.580152, 0.611214
1319, 0.679366, 0.099656
1320, 0.914805, 0.127230
1321, 0.361752, 0.970628
1322, 0.347306, 0.167868
1323, 0.363120, 0.957003
1324, 0.355669, 0.734579
1325, 0.063885, 0.709507
1326, 0.682201, 0.748275
1327, 0.249645, 0.783898
1328, 0.974681, 0.456949
1329, 0.949896, 0.905975
1330, 0.715328, 0.524464
1331, 0.665130, 0.835284
1332, 0.611554, 0.394188
1333, 0.124096, 0.676677
1334, 0.912211, 0.531278
1335, 0.187444, 0.373110
1336, 0.862990, 0.277958
1337, 0.644312, 0.956155
1338, 0.088879, 0.790581
1339, 0.299186, 0.421572
1340, 0.359148, 0.201048
1341, 0.007168, 0.466277
1342, 0.725628, 0.625931
1343, 0.027313, 0.048919
1344, 0.183351, 0.574746
1345, 0.755606, 0.466750
1346, 0.674378, 0.270468
1347, 0.749931, 0.092955
1348, 0.302054, 0.625871
1349, 0.008484, 0.591196
1350, 0.238113, 0.959222
1351, 0.649407, 0.578833
1352, 0.453284, 0.340490
1353, 0.623116, 0.706455
1354, 0.385109, 0.521971
1355, 0.770692, 0.028420
1356, 0.655924, 0.117754
1357, 0.093737, 0.436651
1358, 0.787284, 0.884853
1359, 0.716447, 0.321532
1360, 0.994718, 0.229524
1361, 0.611053, 0.967083
1362, 0.758410, 0.601161
1363, 0.713461, 0.146256
1364, 0.131892, 0.706244
1365, 0.848185, 0.438602
1366, 0.591065, 0.026201
1367, 0.354924, 0.206432
1368, 0.502599, 0.178345
1369, 0.438373, 0.732547
1370, 0.923579, 0.597002
1371, 0.811642, 0.263046
1372, 0.015097, 0.736910
1373, 0.244161, 0.606056
1374, 0.978910, 0.534908
1375, 0.200371, 0.634983
1376, 0.167838, 0.856159
1377, 0.465239, 0.265319
1378, 0.213633, 0.533314
1379, 0.409253, 0.320141
1380, 0.607375, 0.145661
1381, 0.116871, 0.244109
1382, 0.742032, 0.338636
1383, 0.462943, 0.684457
1384, 0.664740, 0.292627
1385, 0.177574, 0.479361
1386, 0.621411, 0.052614
1387, 0.287461, 0.361193
1388, 0.576895, 0.880945
1389, 0.034613, 0.745227
1390, 0.023256, 0.869973
1391, 0.634209, 0.146763
1392, 0.650363, 0.644069
1393, 0.860232, 0.918992
1394, 0.500816, 0.211294
1395, 0.220639, 0.287942
1396, 0.448196, 0.836459
1397, 0.371579, 0.133230
1398, 0.197179, 0.988408
1399, 0.165997, 0.903878
1400, 0.481507, 0.689124
1401, 0.107743, 0.836323
1402, 0.073061, 0.931768
1403, 0.225709, 0.489813
1404, 0.288808, 0.999405
1405, 0.995216, 0.589292
1406, 0.225609, 0.814407
1407, 0.731425, 0.056872
1408, 0.844175, 0.041244
1409, 0.194674, 0.879324
1410, 0.803755, 0.716682
1411, 0.266555, 0.984512
1412, 0.693072, 0.465751
1413, 0.882911, 0.077544
1414, 0.286767, 0.693564
1415, 0.726954, 0.910563
1416, 0.831440, 0.020020
1417, 0.478687, 0.285674
1418, 0.325654, 0.271978
1419, 0.134165, 0.911926
1420, 0.738589, 0.471354
1421, 0.052720, 0.071153
1422, 0.875413, 0.074666
1423, 0.915211, 0.950157
1424, 0.295464, 0.867649
1425, 0.569865, 0.719470
1426, 0.135291, 0.841839
1427, 0.790594, 0.510334
1428, 0.179558, 0.835136
1429, 0.122957, 0.534466
1430, 0.766165, 0.942329
1431, 0.717128, 0.765046
1432, 0.128559, 0.685899
1433, 0.909048, 0.369679
1434, 0.187720, 0.015830
1435, 0.051984, 0.689164
1436, 0.782321, 0.472896
1437, 0.962597, 0.362589
1438, 0.032203, 0.238960
1439, 0.205414, 0.385946
1440, 0.590324, 0.574072
1441, 0.420174, 0.869764
1442, 0.127502, 0.930794
1443, 0.862884, 0.490009
1444, 0.573535, 0.409088
1445, 0.548941, 0.049660
1446, 0.635151, 0.984908
1447, 0.356850, 0.578541
1448, 0.545704, 0.649671
1449, 0.016596, 0.930681
1450, 0.959519, 0.631470
1451, 0.114783, 0.155655
1452, 0.089569, 0.394504
1453, 0.431532, 0.764631
1454, 0.150247, 0.200942
1455, 0.223961, 0.107400
1456, 0.075387, 0.027973
1457, 0.143338, 0.074151
1458, 0.255725, 0.964466
1459, 0.786722, 0.429182
1460, 0.260030, 0.327757
1461, 0.619681, 0.975860
1462, 0.282356, 0.555620
1463, 0.305920, 0.590261
1464, 0.515751, 0.222773
1465, 0.140070, 0.163413
1466, 0.481115, 0.106913
1467, 0.881781, 0.092197
1468, 0.552609, 0.702087
1469, 0.981231, 0.556238
1470, 0.695980, 0.343204
1471, 0.228943, 0.837060
1472, 0.474209, 0.029366
1473, 0.549308, 0.217950
1474, 0.090574, 0.274754
1475, 0.789124, 0.814570
1476, 0.476735, 0.487583
1477, 0.812278, 0.958570
1478, 0.687911, 0.725827
1479, 0.973097, 0.845470
1480, 0.821905, 0.754471
1481, 0.401308, 0.782496
1482, 0.414124, 0.178759
1483, 0.398723, 0.338281
1484, 0.494452, 0.257228
1485, 0.223165, 0.739570
1486, 0.956349, 0.357398
1487, 0.785506, 0.994289
1488, 0.017517, 0.407741
1489, 0.907075, 0.203193
1490, 0.059118, 0.604301
1491, 0.485370, 0.616433
1492, 0.388969, 0.409882
1493, 0.890693, 0.884788
1494, 0.628793, 0.120501
1495, 0.256277, 0.244740
1496, 0.349768, 0.552081
1497, 0.826961, 0.734864
1498, 0.854053, 0.070429
1499, 0.697677, 0.854769
1500, 0.101139, 0.848686
1501, 0.867258, 0.001232
1502, 0.711571, 0.366400
1503, 0.079366, 0.912070
1504, 0.160045, 0.868392
1505, 0.072592, 0.046020
1506, 0.460367, 0.390039
1507, 0.378334, 0.656962
1508, 0.565541, 0.045574
1509, 0.962134, 0.586739
1510, 0.320482, 0.349120
1511, 0.660092, 0.161051
1512, 0.785544, 0.630855
1513, 0.775053, 0.322227
1514, 0.674205, 0.359215
1515, 0.323498, 0.025205
1516, 0.625981, 0.868898
1517, 0.570354, 0.934857
1518, 0.140732, 0.282179
1519, 0.585975, 0.476049
1520, 0.951202, 0.851044
1521, 0.489442, 0.047451
1522, 0.507192, 0.374082
1523, 0.199386, 0.074652
1524, 0.680412, 0.684975
1525, 0.380193, 0.905041
1526, 0.019975, 0.724921
1527, 0.749760, 0.221468
1528, 0.219122, 0.788763
1529, 0.733731, 0.824557
1530, 0.331608, 0.336578
1531, 0.863652, 0.406828
1532, 0.564456, 0.811761
1533, 0.275620, 0.351931
1534, 0.912328, 0.501535
1535, 0.299458, 0.990552
1536, 0.199101, 0.298908
1537, 0.743634, 0.250108
1538, 0.565892, 0.943565
1539, 0.496968, 0.535572
1540, 0.353151, 0.403070
1541, 0.397704, 0.219053
1542, 0.630499, 0.798775
1543, 0.014899, 0.405334
1544, 0.449277, 0.998872
1545, 0.038852, 0.980683
1546, 0.340180, 0.400486
1547, 0.961973, 0.886344
1548, 0.785137, 0.799960
1549, 0.935873, 0.218989
1550, 0.545811, 0.450565
1551, 0.650875, 0.248950
1552, 0.106775, 0.569402
1553, 0.937312, 0.404113
1554, 0.934109, 0.573266
1555, 0.875046, 0.893674
1556, 0.973958, 0.312874
1557, 0.474026, 0.950394
1558, 0.268075, 0.528146
1559, 0.542174, 0.315884
1560, 0.055631, 0.992105
1561, 0.308472, 0.488563
1562, 0.280086, 0.406265
1563, 0.092976, 0.649013
1564, 0.959095, 0.503628
1565, 0.468845, 0.875282
1566, 0.857871, 0.231333
1567, 0.009462, 0.021547
1568, 0.145953, 0.037215
1569, 0.473061, 0.740833
1570, 0.172775, 0.831897
1571, 0.697391, 0.050419
1572, 0.393745, 0.676366
1573, 0.686724, 0.775504
1574, 0.892737, 0.228978
1575, 0.432217, 0.265308
1576, 0.036092, 0.598590
1577, 0.502519, 0.841898
1578, 0.782594, 0.056519
1579, 0.909752, 0.198007
1580, 0.903066, 0.830292
1581, 0.718315, 0.724056
1582, 0.215864, 0.024299
1583, 0.400383, 0.230475
1584, 0.597633, 0.419260
1585, 0.503424, 0.045035
1586, 0.907565, 0.441965
1587, 0.099470, 0.793344
1588, 0.727345, 0.490653
1589, 0.410662, 0.995104
1590, 0.704952, 0.135434
1591, 0.232192, 0.456462
1592, 0.754655, 0.478801
1593, 0.203088, 0.294523
1594, 0.042284, 0.664585
1595, 0.688488, 0.425485
1596, 0.120059, 0.835165
1597, 0.614805, 0.026762
1598, 0.782639, 0.809869
1599, 0.474163, 0.255111
1600, 0.647465, 0.939031
1601, 0.291673, 0.144724
1602, 0.375780, 0.737732
1603, 0.069160, 0.373450
1604, 0.578776, 0.481546
1605, 0.345639, 0.155101
1606, 0.788775, 0.939377
1607, 0.111478, 0.617054
1608, 0.827444, 0.855583
1609, 0.778408, 0.708792
1610, 0.661062, 0.467980
1611, 0.342465, 0.812916
1612, 0.686127, 0.744892
1613, 0.407328, 0.957024
1614, 0.701188, 0.864850
1615, 0.527649, 0.195531
1616, 0.290198, 0.358433
1617, 0.175362, 0.303418
1618, 0.552405, 0.278919
1619, 0.799613, 0.099969
1620, 0.173429, 0.813999
1621, 0.889394, 0.039419
1622, 0.514563, 0.253713
1623, 0.158245, 0.627779
1624, 0.083011, 0.172983
1625, 0.328273, 0.283479
1626, 0.438872, 0.129631
1627, 0.710309, 0.170502
1628, 0.628485, 0.952945
1629, 0.143211, 0.940628
1630, 0.133912, 0.664399
1631, 0.550208, 0.350893
1632, 0.453123, 0.636065
1633, 0.345810, 0.020554
1634, 0.456072, 0.204782
1635, 0.766979, 0.620153
1636, 0.916416, 0.206828
1637, 0.159466, 0.143268
1638, 0.901667, 0.316607
1639, 0.219938, 0.493158
1640, 0.503811, 0.546408
1641, 0.479713, 0.538717
1642, 0.222709, 0.070229
1643, 0.342387, 0.500387
1644, 0.009829, 0.198728
1645, 0.028303, 0.694706
1646, 0.931886, 0.200443
1647, 0.841442, 0.112494
1648, 0.683391, 0.759025
1649, 0.933268, 0.429083
1650, 0.602037, 0.441953
1651, 0.898990, 0.321363
1652, 0.141412, 0.708874
1653, 0.045108, 0.136587
1654, 0.610063, 0.336846
1655, 0.375460, 0.363239
1656, 0.965438, 0.109014
1657, 0.194782, 0.695339
1658, 0.569041, 0.864433
1659, 0.525866, 0.228747
1660, 0.544749, 0.604409
1661, 0.294083, 0.656962
1662, 0.556955, 0.748620
1663, 0.063096, 0.447544
1664, 0.874823, 0.150893
1665, 0.052148, 0.446457
1666, 0.597386, 0.272748
1667, 0.073274, 0.522467
1668, 0.105220, 0.433610
1669, 0.676084, 0.944093
1670, 0.375107, 0.423988
1671, 0.963385, 0.608922
1672, 0.158618, 0.892514
1673, 0.478597, 0.787214
1674, 0.706123, 0.810175
1675, 0.603957, 0.698349
1676, 0.155897, 0.168000
1677, 0.577435, 0.943403
1678, 0.769478, 0.616404
1679, 0.898366, 0.832095
1680, 0.015466, 0.942618
1681, 0.581748, 0.444947
1682, 0.217465, 0.931099
1683, 0.975272, 0.393206
1684, 0.615732, 0.600164
1685, 0.960367, 0.883108
1686, 0.401622, 0.068450
1687, 0.430849, 0.280185
1688, 0.073775, 0.928731
1689, 0.185776, 0.332153
1690, 0.489532, 0.569961
1691, 0.342346, 0.811041
1692, 0.161450, 0.481949
1693, 0.124684, 0.556435
1694, 0.006754, 0.510647
1695, 0.437180, 0.685068
1696, 0.933117, 0.896040
1697, 0.739216, 0.001398
1698, 0.490542, 0.541138
1699, 0.905961, 0.483613
1700, 0.085170, 0.458355
1701, 0.580828, 0.971956
1702, 0.669559, 0.274143
1703, 0.529005, 0.983523
1704, 0.078708, 0.841436
1705, 0.012582, 0.471988
1706, 0.701482, 0.805683
1707, 0.122530, 0.369065
1708, 0.870382, 0.512014
1709, 0.423446, 0.851902
1710, 0.921353, 0.175703
1711, 0.032978, 0.262500
1712, 0.845613, 0.222792
1713, 0.470202, 0.690392
1714, 0.424816, 0.886778
1715, 0.069389, 0.228595
1716, 0.988610, 0.573574
1717, 0.062222, 0.771975
1718, 0.580613, 0.364611
1719, 0.009172, 0.157827
1720, 0.592898, 0.842921
1721, 0.972627, 0.942841
1722, 0.329554, 0.814017
1723, 0.182499, 0.261123
1724, 0.689484, 0.159804
1725, 0.824054, 0.868266
1726, 0.950933, 0.335495
1727, 0.657968, 0.467125
1728, 0.975177, 0.792181
1729, 0.193487, 0.930613
1730, 0.820179, 0.754885
1731, 0.358794, 0.245400
1732, 0.433449, 0.973036
1733, 0.817438, 0.675743
1734, 0.217375, 0.413229
1735, 0.142026, 0.030204
1736, 0.633196, 0.123839
1737, 0.358893, 0.909106
1738, 0.341839, 0.285612
1739, 0.286532, 0.736771
1740, 0.904327, 0.016610
1741, 0.166944, 0.822267
1742, 0.844936, 0.844965
1743, 0.333018, 0.029486
1744, 0.577378, 0.999605
1745, 0.364530, 0.659390
1746, 0.361657, 0.365401
1747, 0.289269, 0.738259
1748, 0.927812, 0.732774
1749, 0.731758, 0.648570
1750, 0.516131, 0.620188
1751, 0.495779, 0.554671
1752, 0.354652, 0.636584
1753, 0.061951, 0.208294
1754, 0.791742, 0.811553
1755, 0.778846, 0.057416
1756, 0.988003, 0.374492
1757, 0.094386, 0.339855
1758, 0.946845, 0.616599
1759, 0.185284, 0.072359
1760, 0.138682, 0.825023
1761, 0.166117, 0.924021
1762, 0.015383, 0.534889
1763, 0.879795, 0.715643
1764, 0.818236, 0.088105
1765, 0.786427, 0.478088
1766, 0.219108, 0.555646
1767, 0.749174, 0.364430
1768, 0.978779, 0.331644
1769, 0.945328, 0.135890
1770, 0.899999, 0.289017
1771, 0.513022, 0.359051
1772, 0.576270, 0.367736
1773, 0.534574, 0.582290
1774, 0.549143, 0.443354
1775, 0.445459, 0.831535
1776, 0.603005, 0.706330
1777, 0.284957, 0.277288
1778, 0.371719, 0.476069
1779, 0.297135, 0.952817
1780, 0.000288, 0.841932
1781, 0.351853, 0.589077
1782, 0.618467, 0.574003
1783, 0.260846, 0.045669
1784, 0.555520, 0.628103
1785, 0.519239, 0.846779
1786, 0.807491, 0.499714
1787, 0.693048, 0.056291
1788, 0.088910, 0.318298
1789, 0.629165, 0.377237
1790, 0.220243, 0.630332
1791, 0.987183, 0.590660
1792, 0.215757, 0.223984
1793, 0.499900, 0.827000
1794, 0.390486, 0.906104
1795, 0.883874, 0.277878
1796, 0.299014, 0.531137
1797, 0.823231, 0.043455
1798, 0.340446, 0.870156
1799, 0.718933, 0.108271
1800, 0.710079, 0.300316
1801, 0.403022, 0.587487
1802, 0.901074, 0.345124
1803, 0.502518, 0.819413
1804, 0.874529, 0.202428
1805, 0.207923, 0.557734
1806, 0.833324, 0.671110
1807, 0.339984, 0.105482
1808, 0.843174, 0.222831
1809, 0.117146, 0.867036
1810, 0.271960, 0.823983
1811, 0.674768, 0.832855
1812, 0.790676, 0.888800
1813, 0.061722, 0.356139
1814, 0.629343, 0.360758
1815, 0.266613, 0.957627
1816, 0.838574, 0.920302
1817, 0.523014, 0.290310
1818, 0.234077, 0.127055
1819, 0.408120, 0.267072
1820, 0.676736, 0.901331
1821, 0.671557, 0.854879
1822, 0.952733, 0.584756
1823, 0.996804, 0.284043
1824, 0.915666, 0.606538
1825, 0.082849, 0.442246
1826, 0.820923, 0.252486
1827, 0.528092, 0.648989
1828, 0.565812, 0.598236
1829, 0.545799, 0.247502
1830, 0.771423, 0.313261
1831, 0.970452, 0.390660
1832, 0.822264, 0.784501
1833, 0.110165, 0.548720
1834, 0.333168, 0.548771
1835, 0.196768, 0.086004
1836, 0.466046, 0.834811
1837, 0.666858, 0.886226
1838, 0.805034, 0.213409
1839, 0.766936, 0.901012
1840, 0.303677, 0.900588
1841, 0.174794, 0.760124
1842, 0.398913, 0.527957
1843, 0.377699, 0.984315
1844, 0.377681, 0.691014
1845, 0.867533, 0.625959
1846, 0.495189, 0.640970
1847, 0.780722, 0.596933
1848, 0.646593, 0.284828
1849, 0.095624, 0.160971
1850, 0.447665, 0.903661
1851, 0.823251, 0.375426
1852, 0.778805, 0.381108
1853, 0.281579, 0.496180
1854, 0.301886, 0.791802
1855, 0.807717, 0.303134
1856, 0.769641, 0.352745
1857, 0.586772, 0.876499
1858, 0.319741, 0.884602
1859, 0.501023, 0.701158
1860, 0.367288, 0.012768
1861, 0.587173, 0.608061
1862, 0.681314, 0.845091
1863, 0.441943, 0.728031
1864, 0.009918, 0.698754
1865, 0.955392, 0.277574
1866, 0.192120, 0.967467
1867, 0.215971, 0.824771
1868, 0.931621, 0.746057
1869, 0.977782, 0.587761
1870, 0.502157, 0.753085
1871, 0.093410, 0.938720
1872, 0.069567, 0.213274
1873, 0.502572, 0.730457
1874, 0.793833, 0.951169
1875, 0.293830, 0.393539
1876, 0.215327, 0.993749
1877, 0.945080, 0.962197
1878, 0.639112, 0.549165
1879, 0.818769, 0.050081
1880, 0.707630, 0.132533
1881, 0.485174, 0.319207
1882, 0.913438, 0.154457
1883, 0.966065, 0.645968
1884, 0.780470, 0.364823
1885, 0.587654, 0.706851
1886, 0.036787, 0.277341
1887, 0.267658, 0.527443
1888, 0.727604, 0.843970
1889, 0.595325, 0.632705
1890, 0.878383, 0.985270
1891, 0.433118, 0.412651
1892, 0.428171, 0.273694
1893, 0.975447, 0.339599
1894, 0.646834, 0.335811
1895, 0.975532, 0.764977
1896, 0.966499, 0.955116
1897, 0.630808, 0.998091
1898, 0.908309, 0.955844
1899, 0.867368, 0.856004
1900, 0.851983, 0.271707
1901, 0.574131, 0.419664
1902, 0.297612, 0.971989
1903, 0.221842, 0.501239
1904, 0.329776, 0.547383
1905, 0.864350, 0.134337
1906, 0.810015, 0.918463
1907, 0.610953, 0.279271
1908, 0.713633, 0.024192
1909, 0.601961, 0.162138
1910, 0.050646, 0.205445
1911, 0.919939, 0.413609
1912, 0.525205, 0.118675
1913, 0.578373, 0.712785
1914, 0.784959, 0.802516
1915, 0.883779, 0.669825
1916, 0.755836, 0.328007
1917, 0.815225, 0.490252
1918, 0.672268, 0.801041
1919, 0.101017, 0.792949
1920, 0.099522, 0.662462
1921, 0.998719, 0.461683
1922, 0.507812, 0.796818
1923, 0.122594, 0.440064
1924, 0.159001, 0.322330
1925, 0.400749, 0.384506
1926, 0.391206, 0.996208
1927, 0.275158, 0.579157
1928, 0.894958, 0.564586
1929, 0.003638, 0.143181
1930, 0.445281, 0.844225
1931, 0.892346, 0.666059
1932, 0.446902, 0.088302
1933, 0.088216, 0.640149
1934, 0.992436, 0.873302
1935, 0.591293, 0.865958
1936, 0.161467, 0.778397
1937, 0.513023, 0.374829
1938, 0.756451, 0.668065
1939, 0.173240, 0.641041
1940, 0.970862, 0.285300
1941, 0.036728, 0.293089
1942, 0.943883, 0.846518
1943, 0.428363, 0.503425
1944, 0.069094, 0.254726
1945, 0.172725, 0.989976
1946, 0.519831, 0.807884
1947, 0.105804, 0.240802
1948, 0.152255, 0.950915
1949, 0.020820, 0.918120
1950, 0.843936, 0.029322
1951, 0.819867, 0.501482
1952, 0.407729, 0.706508
1953, 0.284296, 0.161527
1954, 0.777370, 0.259377
1955, 0.349365, 0.776590
1956, 0.143783, 0.561701
1957, 0.509944, 0.621053
1958, 0.037134, 0.107352
1959, 0.265264, 0.288447
1960, 0.925227, 0.281695
1961, 0.453446, 0.061171
1962, 0.104408, 0.784609
1963, 0.930469, 0.396713
1964, 0.552636, 0.148355
1965, 0.397449, 0.927315
1966, 0.385153, 0.263848
1967, 0.500706, 0.368122
1968, 0.019229, 0.189723
1969, 0.672927, 0.889911
1970, 0.731526, 0.749755
1971, 0.125439, 0.250462
1972, 0.511459, 0.096613
1973, 0.770554, 0.702392
1974, 0.099137, 0.193576
1975, 0.439929, 0.882623
1976, 0.241271, 0.036735
1977, 0.407135, 0.712532
1978, 0.527273, 0.878086
1979, 0.987609, 0.742357
1980, 0.788873, 0.589379
1981, 0.697201, 0.864711
1982, 0.200157, 0.041177
1983, 0.067825, 0.937050
1984, 0.993860, 0.812037
1985, 0.906945, 0.021905
1986, 0.162185, 0.844952
1987, 0.107102, 0.059694
1988, 0.274148, 0.604897
1989, 0.505455, 0.183517
1990, 0.371765, 0.256484
1991, 0.719218, 0.893125
1992, 0.756843, 0.259778
1993, 0.086077, 0.690028
1994, 0.292574, 0.294407
1995, 0.097658, 0.338828
1996, 0.678477, 0.168555
1997, 0.911812, 0.827179
1998, 0.391970, 0.831697
1999, 0.325384, 0.731322
