0.006300
0.003640
0.000990
0.004280
0.007580
0.010870
0.006820
0.002770
-0.001280
0.003680
0.008640
0.013600
0.007270
0.000940
0.004200
0.002210
0.000210
0.004440
0.008670
0.012900
0.017130
-0.003430
-0.024000
-0.009920
0.004160
0.005280
0.016530
0.027790
0.039040
0.024490
0.009950
0.009610
0.009260
0.008920
-0.004860
-0.018640
-0.032420
-0.033650
-0.057230
-0.045340
-0.033460
-0.032010
-0.030560
-0.029110
-0.027660
-0.041160
-0.054660
-0.068160
-0.081660
-0.068460
-0.055270
-0.042080
-0.042590
-0.043110
-0.024280
-0.005450
0.013380
0.032210
0.051040
0.069870
0.088700
0.045240
0.001790
-0.041670
-0.085130
-0.128580
-0.172040
-0.129080
-0.086130
-0.089020
-0.091920
-0.094820
-0.093240
-0.091660
-0.094780
-0.097890
-0.129020
-0.076520
-0.024010
0.028490
0.080990
0.133500
0.186000
0.238500
0.219930
0.201350
0.182770
0.164200
0.145620
0.161430
0.177250
0.132150
0.087050
0.041960
-0.003140
-0.048240
-0.093340
-0.138430
-0.183530
-0.228630
-0.273720
-0.318820
-0.250240
-0.181660
-0.113090
-0.044510
0.024070
0.092650
0.161230
0.229810
0.298390
0.231970
0.165540
0.099120
0.032700
-0.033720
-0.100140
-0.166560
-0.232990
-0.299410
-0.004210
0.290990
0.223800
0.156620
0.089430
0.022240
-0.044950
0.018340
0.081630
0.144910
0.208200
0.189730
0.171250
0.137590
0.103930
0.070270
0.036610
0.002950
-0.030710
-0.005610
0.019480
0.044580
0.064680
0.084780
0.104870
0.058950
0.013030
-0.032890
-0.078820
-0.035560
0.007710
0.050970
0.010130
-0.030710
-0.071560
-0.112400
-0.153240
-0.113140
-0.073040
-0.032940
0.007150
-0.063500
-0.134150
-0.204800
-0.124820
-0.044850
0.035130
0.115100
0.195080
0.123010
0.050940
-0.021130
-0.093200
-0.026630
0.039950
0.106530
0.173110
0.112830
0.052550
-0.007720
0.010640
0.029000
0.047370
0.065730
0.020210
-0.025300
-0.070810
-0.041070
-0.011330
0.002880
0.017090
0.031310
-0.022780
-0.076860
-0.130950
-0.185040
-0.143470
-0.101900
-0.060340
-0.018770
0.022800
-0.009960
-0.042720
-0.021470
-0.000210
0.021040
-0.014590
-0.050220
-0.085850
-0.121480
-0.157110
-0.192740
-0.228370
-0.181450
-0.134530
-0.087610
-0.040690
0.006230
0.053160
0.100080
0.147000
0.097540
0.048080
-0.001380
0.051410
0.104200
0.156990
0.209790
0.262580
0.169960
0.077340
-0.015270
-0.107890
-0.200510
-0.067860
0.064790
0.016710
-0.031370
-0.079450
-0.127530
-0.175610
-0.223690
-0.271770
-0.158510
-0.045250
0.068020
0.181280
0.144640
0.108000
0.071370
0.034730
0.096660
0.158600
0.220530
0.182960
0.145380
0.107800
0.070230
0.032650
0.066490
0.100330
0.134170
0.103370
0.072570
0.041770
0.010970
-0.019830
0.044380
0.108600
0.172810
0.104160
0.035510
-0.033150
-0.101800
-0.072620
-0.043440
-0.014260
0.014920
-0.020250
-0.055430
-0.090600
-0.125780
-0.160950
-0.196130
-0.147840
-0.099550
-0.051270
-0.002980
-0.019520
-0.036050
-0.052590
-0.041820
-0.031060
-0.029030
-0.026990
0.025150
0.017700
0.022130
0.026560
0.004190
-0.018190
-0.040570
-0.062940
-0.024170
0.014600
0.053370
0.024280
-0.004800
-0.033890
-0.005570
0.022740
0.006790
-0.009150
-0.025090
-0.041030
-0.056980
-0.018260
0.020460
0.004540
-0.011380
-0.002150
0.007080
0.004960
0.002850
0.000740
-0.005340
-0.011410
0.003610
0.018630
0.033650
0.048670
0.030400
0.012130
-0.006140
-0.024410
0.013750
0.010990
0.008230
0.005470
0.008120
0.010770
-0.006920
-0.024610
-0.042300
-0.059990
-0.077680
-0.095380
-0.062090
-0.028800
0.004480
0.037770
0.017730
-0.002310
-0.022350
0.017910
0.058160
0.037380
0.016600
-0.004180
-0.024960
-0.045740
-0.020710
0.004320
0.029350
0.015260
0.018060
0.020860
0.007930
-0.005010
-0.017950
-0.030890
-0.018410
-0.005930
0.006550
-0.025190
-0.056930
-0.040450
-0.023980
-0.007500
0.008970
0.003840
-0.001290
-0.006420
-0.011560
-0.026190
-0.040820
-0.055450
-0.043660
-0.031880
-0.069640
-0.056340
-0.043030
-0.029720
-0.016420
-0.003110
0.010200
0.023500
0.036810
0.050110
0.024360
-0.001390
-0.027140
-0.003090
0.020960
0.045010
0.069060
0.057730
0.046400
0.035070
0.033570
0.032070
0.030570
0.032500
0.034440
0.036370
0.013480
-0.009420
-0.032310
-0.029970
-0.030950
-0.031920
-0.025880
-0.019840
-0.013790
-0.007750
-0.014490
-0.021230
0.015230
0.051700
0.088160
0.124630
0.161090
0.129870
0.098640
0.067410
0.036180
0.004950
0.004200
0.003450
0.002690
-0.059220
-0.121120
-0.183030
-0.120430
-0.057820
0.004790
0.067400
0.130010
0.083730
0.037450
0.069790
0.102130
-0.035170
-0.172470
-0.137630
-0.102780
-0.067940
-0.033100
-0.036470
-0.039840
-0.005170
0.029500
0.064170
0.098830
0.133500
0.059240
-0.015030
-0.089290
-0.163550
-0.060960
0.041640
0.015510
-0.010610
-0.036740
-0.062870
-0.088990
-0.054300
-0.019610
0.015080
0.049770
0.084460
0.050230
0.016000
-0.018230
-0.052460
-0.086690
-0.067690
-0.048700
-0.029700
-0.010710
0.008290
-0.003140
0.029660
0.062460
-0.002340
-0.067140
-0.040510
-0.013880
0.012740
0.008050
0.030240
0.052430
0.023510
-0.005410
-0.034320
-0.063240
-0.092150
-0.121070
-0.084500
-0.047940
-0.011370
0.025200
0.061770
0.040280
0.018800
0.044560
0.070320
0.096080
0.121840
0.063500
0.005170
-0.053170
-0.031240
-0.009300
0.012630
0.034570
0.032830
0.031090
0.029350
0.045110
0.060870
0.076630
0.092390
0.057420
0.022450
-0.012520
0.006800
0.026110
0.045430
0.015710
-0.014020
-0.043740
-0.073470
-0.039900
-0.006330
0.027240
0.060800
0.036690
0.012580
-0.011530
-0.035640
-0.006770
0.022100
0.050980
0.079850
0.069150
0.058450
0.047750
0.037060
0.026360
0.058220
0.090090
0.121960
0.100690
0.079430
0.058160
0.036890
0.015630
-0.005640
-0.026900
-0.048170
-0.069440
-0.090700
-0.111970
-0.115210
-0.118460
-0.121700
-0.124940
-0.165000
-0.205050
-0.157130
-0.109210
-0.061290
-0.013370
0.034550
0.082470
0.075760
0.069060
0.062360
0.087350
0.112350
0.137340
0.121750
0.106160
0.090570
0.074980
0.080110
0.085240
0.090370
0.062080
0.033780
0.005490
-0.022810
-0.054440
-0.040300
-0.026150
-0.012010
-0.020280
-0.028550
-0.062430
-0.035240
-0.008050
-0.049480
-0.036430
-0.023370
-0.033680
-0.018790
-0.003890
0.011000
0.025890
0.014460
0.003030
-0.008400
0.004630
0.017660
0.030690
0.043720
0.021650
-0.000420
-0.022490
-0.044560
-0.036380
-0.028190
-0.020010
-0.011820
-0.024450
-0.037070
-0.049690
-0.058820
-0.067950
-0.077070
-0.086200
-0.095330
-0.062760
-0.030180
0.002390
0.034960
0.043990
0.053010
0.031760
0.010510
-0.010730
-0.031980
-0.053230
0.001860
0.056960
0.019850
-0.017260
-0.054380
-0.012040
0.030310
0.072650
0.114990
0.072370
0.029750
-0.012880
0.012120
0.037110
0.035170
0.033230
0.018530
0.003830
0.003420
-0.021810
-0.047040
-0.072270
-0.097500
-0.122730
-0.083170
-0.043620
-0.004070
0.035490
0.075040
0.114600
0.077690
0.040780
0.003870
0.002840
0.001820
-0.055130
0.047320
0.052230
0.057150
0.062060
0.066980
0.071890
0.027050
-0.017790
-0.062630
-0.107470
-0.152320
-0.125910
-0.099500
-0.073090
-0.046680
-0.020270
0.006140
0.032550
0.008590
-0.015370
-0.039320
-0.063280
-0.033220
-0.003150
0.026910
0.011960
-0.003000
0.003350
0.009700
0.016050
0.022390
0.042150
0.061910
0.081670
0.034770
-0.012120
-0.013090
-0.014070
-0.052740
-0.025440
0.001860
0.029160
0.056460
0.083760
0.017540
-0.048690
-0.020740
0.007220
0.035170
-0.005280
-0.045720
-0.086170
-0.069600
-0.053030
-0.036460
-0.019890
-0.003320
0.013250
0.029820
0.011010
-0.007810
-0.026620
-0.005630
0.015360
0.036350
0.057340
0.031590
0.005840
-0.019920
-0.002010
0.015890
-0.010240
-0.036360
-0.062490
-0.047800
-0.033110
-0.049410
-0.065700
-0.082000
-0.049800
-0.017600
0.014600
0.046800
0.079000
0.047500
0.016000
-0.015500
-0.001020
0.013470
0.027950
0.042440
0.056920
0.037810
0.018700
-0.000410
-0.019520
-0.004270
0.010980
0.026230
0.041480
0.018210
-0.005060
-0.008740
-0.037260
-0.065790
-0.026000
0.013800
0.053590
0.093380
0.058830
0.024290
-0.010260
-0.044800
-0.010830
-0.018690
-0.026550
-0.034410
-0.025030
-0.015640
-0.006260
-0.010090
-0.013920
0.014900
0.043720
0.034630
0.020980
0.007330
-0.006320
-0.019970
0.007670
0.035320
0.034090
0.032870
0.031640
0.024030
0.016420
0.009820
0.003220
-0.003390
0.022020
-0.019410
-0.060850
-0.102280
-0.078470
-0.054660
-0.030840
-0.007030
0.016780
0.019460
0.022140
0.024830
0.018090
-0.002020
-0.022130
-0.002780
0.016560
0.035900
0.055250
0.074590
0.062030
0.049480
0.036920
-0.001450
0.045990
0.040790
0.035580
0.030370
0.036260
0.042150
0.048030
0.053920
0.049470
0.045020
0.040560
0.036110
0.031660
0.006140
-0.019370
-0.044890
-0.070400
-0.095920
-0.077450
-0.058990
-0.040520
-0.022060
-0.003590
0.014870
0.010050
0.005230
0.000410
-0.004410
-0.009230
-0.011890
-0.015230
-0.018560
-0.021900
-0.009830
0.002240
0.014310
0.003350
-0.007600
-0.018560
-0.007370
0.003830
0.015020
0.026220
0.010160
-0.005900
-0.021960
-0.001210
0.019530
0.040270
0.028260
0.016250
0.004240
0.001960
-0.000310
-0.002580
-0.004860
-0.007130
-0.009410
-0.011680
-0.013960
-0.017500
-0.021040
-0.024580
-0.028130
-0.031670
-0.035210
-0.042050
-0.048890
-0.035590
-0.022290
-0.008990
0.004310
0.017620
0.007140
-0.003340
-0.013830
0.013140
0.040110
0.067080
0.048200
0.029320
0.010430
-0.008450
-0.027330
-0.046210
-0.031550
-0.016880
-0.002220
0.012440
0.026830
0.041210
0.055590
0.032530
0.009460
-0.013600
-0.014320
-0.015040
-0.015760
-0.042090
-0.026850
-0.011610
0.003630
0.018870
0.034110
0.031150
0.028190
0.029170
0.030150
0.031130
0.003880
-0.023370
-0.050620
-0.038200
-0.025790
-0.013370
-0.000950
0.011460
0.023880
0.036290
0.010470
-0.015350
-0.041170
-0.066990
-0.052070
-0.037150
-0.022220
-0.007300
0.007620
0.022540
0.037470
0.040010
0.042560
0.045070
0.047590
0.050100
0.045450
0.040800
0.028760
0.016710
0.004670
-0.007380
-0.001160
0.005060
0.011280
0.017500
-0.002110
-0.021730
-0.041350
-0.060960
-0.080580
-0.069950
-0.059310
-0.048680
-0.038050
-0.025570
-0.013100
-0.000630
0.011850
0.024320
0.036800
0.049270
0.029740
0.010210
-0.009320
-0.028840
-0.048370
-0.067900
-0.048620
-0.029340
-0.010060
0.009220
0.028510
0.047790
0.024560
0.001330
-0.021900
-0.045130
-0.068360
-0.049780
-0.031200
-0.012620
0.005960
0.024530
0.043110
0.061690
0.080270
0.098850
0.064520
0.030190
-0.004140
-0.038480
-0.072810
-0.059990
-0.047170
-0.034350
-0.032310
-0.030280
-0.028240
-0.003960
0.020320
0.003130
-0.014060
-0.031240
-0.048430
-0.065620
-0.051320
-0.037020
-0.022720
-0.008430
0.005870
0.020170
0.026980
0.033790
0.040610
0.047420
0.054230
0.035350
0.016470
0.016220
0.015980
0.015740
0.007470
-0.000800
-0.009070
0.000720
0.010510
0.020300
0.030090
0.039890
0.034780
0.029670
0.024570
0.030750
0.036940
0.043130
0.049310
0.055500
0.061680
-0.005260
-0.072200
-0.063360
-0.054510
-0.045660
-0.036810
-0.036780
-0.036750
-0.036720
-0.017650
0.001430
0.020510
0.039580
0.058660
0.035560
0.012450
-0.010660
-0.033760
-0.056870
-0.045020
-0.033170
-0.021310
-0.009460
0.002390
-0.002080
-0.006540
-0.011010
-0.015480
-0.012000
-0.008510
-0.005030
-0.001540
0.001950
0.000510
-0.000920
0.011350
0.023630
0.035900
0.048180
0.060450
0.072730
0.028470
-0.015790
-0.060040
-0.050690
-0.041340
-0.031990
-0.031350
-0.030710
-0.030070
-0.018630
-0.007190
0.004250
0.015700
0.027140
0.038580
0.029750
0.020920
0.023340
0.025760
0.028190
0.030610
0.033040
0.013710
-0.005610
-0.024940
-0.022080
-0.019230
-0.016380
-0.013530
-0.012610
-0.011700
-0.001690
0.008330
0.018340
0.028350
0.038360
0.048380
0.037490
0.026600
0.015710
0.004820
-0.006070
-0.016960
-0.007800
0.001360
0.010520
0.019680
0.028840
-0.005040
-0.038930
-0.023420
-0.007910
0.007590
0.023100
0.007070
-0.008950
-0.024980
-0.041000
-0.057030
-0.029200
-0.001370
0.026450
0.054280
0.035870
0.017460
-0.000960
-0.019370
-0.037780
-0.022810
-0.007840
0.007130
0.022100
0.037070
0.052040
0.067010
0.081980
0.030850
-0.020270
-0.071400
-0.122530
-0.086440
-0.050350
-0.014260
0.021830
0.057920
0.094000
0.130090
0.036110
-0.057870
-0.048020
-0.038170
-0.028320
-0.018460
-0.008610
-0.036520
-0.064440
-0.061690
-0.058940
-0.056180
-0.060730
-0.065280
-0.046280
-0.027280
-0.008290
0.010710
0.029700
0.031380
0.033060
0.034740
0.036420
0.045740
0.055060
0.064390
0.073710
0.083030
0.036050
-0.010920
-0.057900
-0.046960
-0.036020
-0.025080
-0.014140
-0.035610
-0.057080
-0.078550
-0.063040
-0.047530
-0.032030
-0.016520
-0.001020
0.009220
0.019460
0.029700
0.039930
0.050170
0.060410
0.070650
0.080890
-0.001920
-0.084730
-0.070320
-0.055900
-0.041480
-0.052960
-0.064430
-0.075900
-0.087380
-0.098850
-0.067980
-0.037100
-0.006230
0.024650
0.055530
0.086400
0.117280
0.148150
0.087150
0.026150
-0.034850
-0.095840
-0.071000
-0.046160
-0.021320
0.003530
0.028370
0.053210
-0.004690
-0.062580
-0.120480
-0.099600
-0.078720
-0.057840
-0.036960
-0.016080
0.004800
0.025680
0.046560
0.067440
0.088320
0.109200
0.130080
0.109950
0.089820
0.069690
0.049550
0.040060
0.030560
0.021070
0.011580
0.007800
0.004020
0.000240
-0.003540
-0.007320
-0.011100
-0.007800
-0.004500
-0.001200
0.002100
0.005400
-0.008310
-0.022030
-0.035750
-0.049470
-0.063190
-0.050460
-0.037730
-0.025000
-0.012270
0.000460
0.004820
0.009190
0.013550
0.017910
0.022280
0.008830
-0.004620
-0.018070
-0.031520
-0.022760
-0.014010
-0.005260
0.003500
0.012250
0.021010
0.014370
0.007730
0.001100
0.008230
0.015370
0.022510
0.017130
0.011750
0.006370
0.013760
0.021140
0.028520
0.035910
0.043290
0.034580
0.025870
0.017150
0.008440
-0.000270
-0.008980
-0.001260
0.006450
0.014170
0.020390
0.026610
0.032830
0.039050
0.045270
0.036390
0.027500
0.018620
0.009740
0.000860
-0.013330
-0.027520
-0.041710
-0.028120
-0.014530
-0.000940
0.012640
0.026230
0.016900
0.007560
-0.001770
-0.011110
-0.020440
-0.029770
-0.039110
-0.024420
-0.009730
0.004960
0.019650
0.034340
0.020540
0.006740
-0.007060
-0.020860
-0.034660
-0.026630
-0.018600
-0.010570
-0.002540
-0.000630
0.001280
0.003190
0.005100
0.009990
0.014880
0.007910
0.000930
-0.006050
0.003420
0.012880
0.022350
0.031810
0.041280
0.027070
0.012870
-0.001340
-0.015540
-0.029750
-0.043950
-0.036120
-0.028280
-0.020440
-0.012600
-0.004760
0.003070
0.010910
0.009840
0.008760
0.007680
0.006610
0.012340
0.018070
0.023800
0.029530
0.035260
0.027840
0.020420
0.013000
-0.034150
-0.006280
-0.006210
-0.006150
-0.006090
-0.006020
-0.005960
-0.005900
-0.005830
-0.005770
-0.005710
-0.005640
-0.005580
-0.005520
-0.005450
-0.005390
-0.005320
-0.005260
-0.005200
-0.005130
-0.005070
-0.005010
-0.004940
-0.004880
-0.004820
-0.004750
-0.004690
-0.004630
-0.004560
-0.004500
-0.004440
-0.004370
-0.004310
-0.004250
-0.004180
-0.004120
-0.004060
-0.003990
-0.003930
-0.003870
-0.003800
-0.003740
-0.003680
-0.003610
-0.003550
-0.003490
-0.003420
-0.003360
-0.003300
-0.003230
-0.003170
-0.003110
-0.003040
-0.002980
-0.002920
-0.002850
-0.002790
-0.002730
-0.002660
-0.002600
-0.002540
-0.002470
-0.002410
-0.002350
-0.002280
-0.002220
-0.002160
-0.002090
-0.002030
-0.001970
-0.001900
-0.001840
-0.001780
-0.001710
-0.001650
-0.001580
-0.001520
-0.001460
-0.001390
-0.001330
-0.001270
-0.001200
-0.001140
-0.001080
-0.001010
-0.000950
-0.000890
-0.000820
-0.000760
-0.000700
-0.000630
-0.000570
-0.000510
-0.000440
-0.000380
-0.000320
-0.000250
-0.000190
-0.000130
-0.000060
0.000000
0.000000
